SIZES
  nstack                1835008
  nbuffer               76144
  nplugin               0
  maxuse_stack          1786
  maxuse_arena          18080
  maxuse_con            1
  maxuse_efc            4
  solver_iter           0
  solver_nnz            625
  nbodypair_broad       1
  nbodypair_narrow      1
  ngeompair_mid         1
  ngeompair_narrow      1
  ne                    0
  nf                    0
  nefc                  3
  nnzJ                  75
  ncon                  1

TIMER
    0:  duration =  0.8        number = 4
    1:  duration =  0.77       number = 4
    2:  duration =  0          number = 0
    3:  duration =  0.58       number = 4
    4:  duration =  0.052      number = 4
    5:  duration =  0.011      number = 4
    6:  duration =  0.011      number = 4
    7:  duration =  0.1        number = 4
    8:  duration =  0.073      number = 4
    9:  duration =  0.028      number = 4
    10:  duration =  0.42       number = 4
    11:  duration =  0.049      number = 4
    12:  duration =  0.0012     number = 4

ENERGY =   0         0       

TIME =  41      

QPOS
   1.2e-23 
  -2.4e-25 
  -0.052   
   0.00012 
  -1.1e-05 
  -7.6e-06 
  -3.5e-06 
   0.00012 
  -4.3e-06 
  -1.4e-06 
  -2.6e-07 
   0.00012 
   1.9e-06 
   4.8e-06 
   2.9e-06 
   0.28    
  -3.6e-05 
  -0.0018  
  -0.0004  
   0       
   0       
   0.08    
   1       
   0       
   0       
   0       

QVEL
  -1.2e-23 
   2.4e-25 
  -1.7e-15 
  -6.6e-18 
   1.8e-19 
   1e-19   
   8.1e-20 
  -6.7e-18 
   7.2e-20 
   9.9e-21 
   3.7e-21 
  -6.6e-18 
   8.2e-21 
   1.4e-20 
  -4.9e-21 
  -1.4e-14 
   1.6e-18 
   5.3e-17 
   1.3e-17 
   0       
   0       
   7.7e-17 
   0       
   0       
   0       

QACC_WARMSTART
  -2e-17   
   9.4e-19 
   7.2e-19 
   1.1e-17 
   1.8e-16 
  -1.1e-16 
   2.6e-16 
   1.1e-17 
   1.7e-16 
  -1.3e-17 
   2.5e-17 
   1e-17   
   1.6e-16 
   3e-17   
  -9.3e-17 
   1.9e-16 
  -8.7e-18 
   2.1e-17 
  -2.7e-17 
   0       
   0       
  -3.8e-16 
   0       
   0       
   0       

CTRL
   0       
   0       
   0       
   0       
   0       
   0       
   0       
   0       
   0       
   0       
   0       
   0       
   0       
   0       
   0       
   0       
   0       
   0       
   0       

QFRC_APPLIED
   0       
   0       
   0       
   0       
   0       
   0       
   0       
   0       
   0       
   0       
   0       
   0       
   0       
   0       
   0       
   0       
   0       
   0       
   0       
   0       
   0       
   0       
   0       
   0       
   0       

XFRC_APPLIED
   0         0         0         0         0         0       
   0         0         0         0         0         0       
   0         0         0         0         0         0       
   0         0         0         0         0         0       
   0         0         0         0         0         0       
   0         0         0         0         0         0       
   0         0         0         0         0         0       
   0         0         0         0         0         0       
   0         0         0         0         0         0       
   0         0         0         0         0         0       
   0         0         0         0         0         0       
   0         0         0         0         0         0       
   0         0         0         0         0         0       
   0         0         0         0         0         0       
   0         0         0         0         0         0       
   0         0         0         0         0         0       
   0         0         0         0         0         0       
   0         0         0         0         0         0       
   0         0         0         0         0         0       
   0         0         0         0         0         0       
   0         0         0         0         0         0       
   0         0         0         0         0         0       
   0         0         0         0         0         0       
   0         0         0         0         0         0       
   0         0         0         0         0         0       

QACC
  -2e-17   
   9.4e-19 
   7.2e-19 
   1.1e-17 
   1.8e-16 
  -1.1e-16 
   2.6e-16 
   1.1e-17 
   1.7e-16 
  -1.3e-17 
   2.5e-17 
   1e-17   
   1.6e-16 
   3e-17   
  -9.3e-17 
   1.9e-16 
  -8.7e-18 
   2.1e-17 
  -2.7e-17 
   0       
   0       
  -3.8e-16 
   0       
   0       
   0       

XPOS
   0         0         0       
   1.2e-23  -2.4e-25   0.068   
  -0.1      -2.4e-25   0.068   
  -0.1       0.0015    0.11    
  -0.1      -0.015     0.11    
  -0.1      -0.069     0.12    
  -0.1      -0.11      0.12    
  -0.1      -0.11      0.12    
  -0.1      -0.0007    0.068   
  -0.1      -0.017     0.068   
  -0.1      -0.071     0.068   
  -0.1      -0.11      0.068   
  -0.1      -0.11      0.068   
  -0.1       0.0015    0.024   
  -0.1      -0.015     0.023   
  -0.1      -0.069     0.018   
  -0.1      -0.11      0.015   
  -0.1      -0.11      0.015   
  -0.12      0.046     0.087   
  -0.1       0.076     0.12    
  -0.097     0.078     0.14    
  -0.083     0.082     0.19    
  -0.083     0.082     0.19    
   0         0        -0.04    
   0         0         0.08    

XQUAT
   1         0         0         0       
   1         0         0         0       
   0.71      0.71      0         0       
   0.74      0.68     -4.2e-05   4.6e-05 
   0.74      0.68     -4.6e-05   4.2e-05 
   0.74      0.68     -4.9e-05   4e-05   
   0.74      0.68     -5e-05     3.8e-05 
   0.74      0.68     -5e-05     3.8e-05 
   0.71      0.71     -4.4e-05   4.4e-05 
   0.71      0.71     -4.5e-05   4.2e-05 
   0.71      0.71     -4.6e-05   4.2e-05 
   0.71      0.71     -4.6e-05   4.2e-05 
   0.71      0.71     -4.6e-05   4.2e-05 
   0.68      0.74     -4.5e-05   4.2e-05 
   0.68      0.74     -4.5e-05   4.2e-05 
   0.68      0.74     -4.3e-05   4.4e-05 
   0.68      0.74     -4.2e-05   4.5e-05 
   0.68      0.74     -4.2e-05   4.5e-05 
   0.7      -0.13      0.069    -0.7     
   0.69     -0.13      0.069    -0.7     
   0.7      -0.13      0.069    -0.7     
   0.7      -0.13      0.068    -0.7     
   0.7      -0.13      0.068    -0.7     
   1         0         0         0       
   1         0         0         0       

XMAT
   1         0         0         0         1         0         0         0         1       
   1         0         0         0         1         0         0         0         1       
   1         0         0         0         0        -1         0         1         0       
   1        -0.00012   0         1.1e-05   0.087    -1         0.00012   1         0.087   
   1        -0.00012  -1.1e-05   3.2e-07   0.087    -1         0.00012   1         0.087   
   1        -0.00012  -1.8e-05  -7.2e-06   0.087    -1         0.00013   1         0.087   
   1        -0.00012  -2.2e-05  -1.1e-05   0.087    -1         0.00013   1         0.087   
   1        -0.00012  -2.2e-05  -1.1e-05   0.087    -1         0.00013   1         0.087   
   1        -0.00012   0         0         0        -1         0.00012   1         0       
   1        -0.00012  -4.3e-06  -4.3e-06   5.9e-17  -1         0.00012   1        -5.4e-10 
   1        -0.00012  -5.7e-06  -5.7e-06   3.3e-17  -1         0.00012   1        -7.1e-10 
   1        -0.00012  -6e-06    -6e-06     1.9e-16  -1         0.00012   1        -7.4e-10 
   1        -0.00012  -6e-06    -6e-06     1.9e-16  -1         0.00012   1        -7.4e-10 
   1        -0.00012   0        -1.1e-05  -0.087    -1         0.00012   1        -0.087   
   1        -0.00012   1.9e-06  -8.9e-06  -0.087    -1         0.00012   1        -0.087   
   1        -0.00012   6.7e-06  -4.1e-06  -0.087    -1         0.00012   1        -0.087   
   1        -0.00012   9.6e-06  -1.2e-06  -0.087    -1         0.00012   1        -0.087   
   1        -0.00012   9.6e-06  -1.2e-06  -0.087    -1         0.00012   1        -0.087   
  -5.6e-17   0.96      0.28     -1        -0.024     0.084     0.087    -0.28      0.96    
  -3.4e-05   0.96      0.28     -1        -0.024     0.084     0.087    -0.28      0.96    
   0.00048   0.96      0.28     -1        -0.024     0.086     0.089    -0.28      0.96    
   0.00059   0.96      0.28     -1        -0.024     0.086     0.089    -0.28      0.96    
   0.00059   0.96      0.28     -1        -0.024     0.086     0.089    -0.28      0.96    
   1         0         0         0         1         0         0         0         1       
   1         0         0         0         1         0         0         0         1       

XIPOS
   0         0         0       
   1.2e-23  -2.4e-25   0.19    
  -0.11      0.04      0.064   
  -0.1      -0.0067    0.11    
  -0.1      -0.042     0.12    
  -0.1      -0.091     0.12    
  -0.1      -0.11      0.12    
  -0.1      -0.13      0.12    
  -0.1      -0.009     0.068   
  -0.1      -0.044     0.068   
  -0.1      -0.094     0.068   
  -0.1      -0.12      0.068   
  -0.1      -0.13      0.068   
  -0.1      -0.0067    0.024   
  -0.1      -0.042     0.021   
  -0.1      -0.091     0.016   
  -0.1      -0.11      0.014   
  -0.1      -0.13      0.013   
  -0.11      0.065     0.095   
  -0.1       0.078     0.13    
  -0.091     0.08      0.16    
  -0.079     0.083     0.2     
  -0.071     0.085     0.23    
   0         0        -0.04    
   0         0         0.08    

XIMAT
   1         0         0         0         1         0         0         0         1       
   0         0         0         0         0         0         0         0         0       
   1         0.0092   -0.0043    0.01     -0.83      0.55      0.0015   -0.55     -0.83    
   0.88     -0.48      0.00053  -0.48     -0.87     -0.085     0.041     0.074    -1       
   1        -0.00014  -1.1e-05   1.3e-06   0.087    -1         0.00014   1         0.087   
   1        -0.00047   0.028     0.028     0.088    -1        -0.002     1         0.088   
   0.89      0.45      0.00034   0.45     -0.89     -0.087    -0.039     0.078    -1       
   1        -0.00012  -2.2e-05  -1.1e-05   0.087    -1         0.00013   1         0.087   
   0.88     -0.48      0.00053  -0.48     -0.88      0.0025   -0.00075  -0.0025   -1       
   1        -0.00014  -4.3e-06  -4.3e-06   6.1e-06  -1         0.00014   1         6.1e-06 
   1        -0.00047   0.028     0.028     0.00057  -1         0.00046   1         0.00058 
   0.89      0.45      0.00034   0.45     -0.89      1.6e-06   0.0003    0.00015  -1       
   1        -0.00012  -6e-06    -6e-06     1.9e-16  -1         0.00012   1        -7.4e-10 
   0.88     -0.48      0.00053  -0.48     -0.87      0.09     -0.043    -0.079    -1       
   1        -0.00013   1.9e-06  -9.9e-06  -0.087    -1         0.00013   1        -0.087   
   1        -0.00047   0.028     0.028    -0.087    -1         0.0029    1        -0.087   
   0.89      0.45      0.00034   0.45     -0.89      0.087     0.04     -0.078    -1       
   1        -0.00012   9.6e-06  -1.2e-06  -0.087    -1         0.00012   1        -0.087   
   0.99     -0.011     0.11      0.00087   1         0.091    -0.11     -0.091     0.99    
   0.13      0.24     -0.96     -0.83      0.55      0.024     0.54      0.8       0.28    
   0.0057    0.96      0.28     -0.99     -0.024     0.1       0.11     -0.28      0.95    
   0.00059   0.96      0.28     -1        -0.024     0.086     0.089    -0.27      0.96    
   0.00059   0.96      0.28     -1        -0.024     0.086     0.089    -0.28      0.96    
   0         0         1         0        -1         0         1         0         0       
   1         0         0         0         1         0         0         0         1       

XANCHOR
   0         0         0.12    
   1.2e-23   0         0.12    
   1.2e-23  -2.4e-25   0.12    
  -0.1       0.0015    0.11    
  -0.1      -0.015     0.11    
  -0.1      -0.069     0.12    
  -0.1      -0.11      0.12    
  -0.1      -0.0007    0.068   
  -0.1      -0.017     0.068   
  -0.1      -0.071     0.068   
  -0.1      -0.11      0.068   
  -0.1       0.0015    0.024   
  -0.1      -0.015     0.023   
  -0.1      -0.069     0.018   
  -0.1      -0.11      0.015   
  -0.12      0.046     0.087   
  -0.1       0.076     0.12    
  -0.097     0.078     0.14    
  -0.083     0.082     0.19    
   0         0         0.08    

XAXIS
   1         0         0       
   0         1         0       
   0         0         1       
   0        -1         0.087   
  -0.00012   0.087     1       
  -0.00012   0.087     1       
  -0.00012   0.087     1       
   0        -1        -2.2e-16 
  -0.00012  -2.2e-16   1       
  -0.00012   0         1       
  -0.00012   0         1       
   0        -1        -0.087   
  -0.00012  -0.087     1       
  -0.00012  -0.087     1       
  -0.00012  -0.087     1       
   2.2e-16   1        -0.087   
   0.28      0.084     0.96    
   0.96     -0.024    -0.28    
   0.96     -0.024    -0.28    
   0         0         1       

GEOM_XPOS
   0         0        -0.1     
  -0.11      0.04      0.064   
  -0.11      0.048     0.068   
  -0.1      -0.0067    0.11    
  -0.1      -0.0066    0.11    
  -0.1      -0.042     0.12    
  -0.1      -0.042     0.12    
  -0.1      -0.091     0.12    
  -0.1      -0.088     0.12    
  -0.1      -0.11      0.12    
  -0.1      -0.11      0.12    
  -0.1      -0.13      0.12    
  -0.1      -0.13      0.12    
  -0.1      -0.009     0.068   
  -0.1      -0.0089    0.068   
  -0.1      -0.044     0.068   
  -0.1      -0.044     0.068   
  -0.1      -0.094     0.068   
  -0.1      -0.09      0.068   
  -0.1      -0.12      0.068   
  -0.1      -0.12      0.068   
  -0.1      -0.13      0.068   
  -0.1      -0.13      0.068   
  -0.1      -0.0067    0.024   
  -0.1      -0.0066    0.024   
  -0.1      -0.042     0.021   
  -0.1      -0.042     0.021   
  -0.1      -0.091     0.016   
  -0.1      -0.088     0.017   
  -0.1      -0.11      0.014   
  -0.1      -0.11      0.014   
  -0.1      -0.13      0.013   
  -0.1      -0.13      0.013   
  -0.11      0.065     0.095   
  -0.11      0.065     0.097   
  -0.1       0.078     0.13    
  -0.1       0.077     0.13    
  -0.091     0.08      0.16    
  -0.09      0.08      0.16    
  -0.079     0.083     0.2     
  -0.079     0.083     0.2     
  -0.071     0.085     0.23    
  -0.073     0.085     0.22    
   0         0        -0.04    
   0.5       0        -0.04    
  -0.5       0        -0.04    
   0         0.5      -0.04    
   0        -0.5      -0.04    
   0         0         0.08    

GEOM_XMAT
   1         0         0         0         1         0         0         0         1       
   1         0.0092   -0.0043    0.01     -0.83      0.55      0.0015   -0.55     -0.83    
   1         0         0         0         0        -1         0         1         0       
   0.88     -0.48      0.00053  -0.48     -0.87     -0.085     0.041     0.074    -1       
   1        -0.00012   0         1.1e-05   0.087    -1         0.00012   1         0.087   
   1        -0.00014  -1.1e-05   1.3e-06   0.087    -1         0.00014   1         0.087   
   1        -0.00012  -1.1e-05   3.2e-07   0.087    -1         0.00012   1         0.087   
   1        -0.00047   0.028     0.028     0.088    -1        -0.002     1         0.088   
   1        -0.00012  -1.8e-05  -7.2e-06   0.087    -1         0.00013   1         0.087   
   0.89      0.45      0.00034   0.45     -0.89     -0.087    -0.039     0.078    -1       
   1        -0.00012  -2.2e-05  -1.1e-05   0.087    -1         0.00013   1         0.087   
   1        -0.00012  -2.2e-05  -1.1e-05   0.087    -1         0.00013   1         0.087   
   1        -0.00012  -2.2e-05  -1.1e-05   0.087    -1         0.00013   1         0.087   
   0.88     -0.48      0.00053  -0.48     -0.88      0.0025   -0.00075  -0.0025   -1       
   1        -0.00012   0         0         0        -1         0.00012   1         0       
   1        -0.00014  -4.3e-06  -4.3e-06   6.1e-06  -1         0.00014   1         6.1e-06 
   1        -0.00012  -4.3e-06  -4.3e-06   5.9e-17  -1         0.00012   1        -5.4e-10 
   1        -0.00047   0.028     0.028     0.00057  -1         0.00046   1         0.00058 
   1        -0.00012  -5.7e-06  -5.7e-06   3.3e-17  -1         0.00012   1        -7.1e-10 
   0.89      0.45      0.00034   0.45     -0.89      1.6e-06   0.0003    0.00015  -1       
   1        -0.00012  -6e-06    -6e-06     1.9e-16  -1         0.00012   1        -7.4e-10 
   1        -0.00012  -6e-06    -6e-06     1.9e-16  -1         0.00012   1        -7.4e-10 
   1        -0.00012  -6e-06    -6e-06     1.9e-16  -1         0.00012   1        -7.4e-10 
   0.88     -0.48      0.00053  -0.48     -0.87      0.09     -0.043    -0.079    -1       
   1        -0.00012   0        -1.1e-05  -0.087    -1         0.00012   1        -0.087   
   1        -0.00013   1.9e-06  -9.9e-06  -0.087    -1         0.00013   1        -0.087   
   1        -0.00012   1.9e-06  -8.9e-06  -0.087    -1         0.00012   1        -0.087   
   1        -0.00047   0.028     0.028    -0.087    -1         0.0029    1        -0.087   
   1        -0.00012   6.7e-06  -4.1e-06  -0.087    -1         0.00012   1        -0.087   
   0.89      0.45      0.00034   0.45     -0.89      0.087     0.04     -0.078    -1       
   1        -0.00012   9.6e-06  -1.2e-06  -0.087    -1         0.00012   1        -0.087   
   1        -0.00012   9.6e-06  -1.2e-06  -0.087    -1         0.00012   1        -0.087   
   1        -0.00012   9.6e-06  -1.2e-06  -0.087    -1         0.00012   1        -0.087   
   0.99     -0.011     0.11      0.00087   1         0.091    -0.11     -0.091     0.99    
  -5.6e-17   0.96      0.28     -1        -0.024     0.084     0.087    -0.28      0.96    
   0.13      0.24     -0.96     -0.83      0.55      0.024     0.54      0.8       0.28    
  -3.4e-05   0.96      0.28     -1        -0.024     0.084     0.087    -0.28      0.96    
   0.0057    0.96      0.28     -0.99     -0.024     0.1       0.11     -0.28      0.95    
   0.00048   0.96      0.28     -1        -0.024     0.086     0.089    -0.28      0.96    
   0.00059   0.96      0.28     -1        -0.024     0.086     0.089    -0.27      0.96    
   0.00059   0.96      0.28     -1        -0.024     0.086     0.089    -0.28      0.96    
   0.00059   0.96      0.28     -1        -0.024     0.086     0.089    -0.28      0.96    
   0.00059   0.96      0.28     -1        -0.024     0.086     0.089    -0.28      0.96    
   1         0         0         0         1         0         0         0         1       
   1         0         0         0         1         0         0         0         1       
   1         0         0         0         1         0         0         0         1       
   1         0         0         0         1         0         0         0         1       
   1         0         0         0         1         0         0         0         1       
   1         0         0         0         1         0         0         0         1       

LIGHT_XPOS
   0         0         1       
   0.3       0         1.5     

LIGHT_XDIR
   0         0        -1       
   0         0        -1       

SUBTREE_COM
  -0.001     5.8e-05  -0.039   
  -0.1       0.0059    0.079   
  -0.1       0.0059    0.079   
  -0.1      -0.069     0.12    
  -0.1      -0.076     0.12    
  -0.1      -0.1       0.12    
  -0.1      -0.12      0.12    
  -0.1      -0.13      0.12    
  -0.1      -0.071     0.068   
  -0.1      -0.079     0.068   
  -0.1      -0.11      0.068   
  -0.1      -0.13      0.068   
  -0.1      -0.13      0.068   
  -0.1      -0.069     0.018   
  -0.1      -0.076     0.018   
  -0.1      -0.1       0.015   
  -0.1      -0.12      0.014   
  -0.1      -0.13      0.013   
  -0.095     0.074     0.14    
  -0.087     0.081     0.18    
  -0.084     0.082     0.18    
  -0.077     0.084     0.21    
  -0.071     0.085     0.23    
   0         0        -0.04    
   0         0         0.08    

CDOF
   0         0         0         1         0         0       
   0         0         0         0         1         0       
   0         0         0         0         0         1       
   0        -1         0.087     0.032    -0.0003   -0.0034  
  -0.00012   0.087     1        -0.024    -0.0034    0.0003  
  -0.00012   0.087     1        -0.078    -0.0034    0.00029 
  -0.00012   0.087     1        -0.12     -0.0034    0.00029 
   0        -1        -2.2e-16  -0.011     7.7e-19  -0.0035  
  -0.00012  -2.2e-16   1        -0.023    -0.0035   -2.9e-06 
  -0.00012   0         1        -0.077    -0.0035   -9.6e-06 
  -0.00012   0         1        -0.12     -0.0035   -1.4e-05 
   0        -1        -0.087    -0.053     0.0003   -0.0034  
  -0.00012  -0.087     1        -0.025    -0.0034   -0.0003  
  -0.00012  -0.087     1        -0.079    -0.0034   -0.00031 
  -0.00012  -0.087     1        -0.12     -0.0034   -0.00031 
   2.2e-16   1        -0.087    -0.012    -0.0013   -0.015   
   0.28      0.084     0.96      0.064     0.011    -0.02    
   0.96     -0.024    -0.28     -0.018     0.059    -0.069   
   0.96     -0.024    -0.28     -0.019     0.11     -0.074   
   0         0         0         1         0         0       
   0         0         0         0         1         0       
   0         0         0         0         0         1       
   1         0         0         0         0         0       
   0         1         0         0         0         0       
   0         0         1         0         0         0       

CINERT
   0         0         0         0         0         0         0         0         0         0       
   0         0         0         0         0         0         0        -0         0         0       
   0.00066   0.00026   0.00048   4.8e-05  -2e-05     0.00014  -0.0014    0.0085   -0.0036    0.25    
   9.7e-06   8.6e-06   1.5e-06   2e-07    -6.2e-07   2.9e-06   1.9e-05  -8.8e-05   0.00023   0.0069  
   0.00011   3.8e-05   7e-05     4.3e-06  -3.3e-06   4.6e-05   9e-05    -0.0012    0.00096   0.026   
   0.0002    3.2e-05   0.00017   5.8e-06  -2.4e-06   7.2e-05   5.9e-05  -0.0018    0.00074   0.018   
   0.00012   1.4e-05   0.0001    2.6e-06  -9.1e-07   3.7e-05   2.1e-05  -0.00086   0.00031   0.0072  
   0.00013   1.3e-05   0.00012   3e-06    -9.8e-07   3.9e-05   2.2e-05  -0.00088   0.00028   0.0063  
   3e-06     1.5e-06   1.9e-06   2.5e-07   2e-07    -1.1e-06   1.9e-05  -0.0001   -7.4e-05   0.0069  
   8e-05     5.5e-06   7.6e-05   4.5e-06   9.6e-07  -1.4e-05   9e-05    -0.0013   -0.00028   0.026   
   0.00019   3.9e-06   0.00018   5.9e-06   6.3e-07  -1.9e-05   5.9e-05  -0.0018   -0.00019   0.018   
   0.00011   1.6e-06   0.00011   2.6e-06   2.2e-07  -9.3e-06   2.1e-05  -0.00088  -7.6e-05   0.0072  
   0.00013   1.2e-06   0.00013   3.1e-06   2.3e-07  -9.5e-06   2.2e-05  -0.00089  -6.7e-05   0.0063  
   2.3e-05   2.2e-05   1.5e-06   2e-07     1e-06    -4.8e-06   1.9e-05  -8.8e-05  -0.00038   0.0069  
   0.00016   9e-05     7e-05     4.3e-06   5.2e-06  -7.3e-05   9e-05    -0.0012   -0.0015    0.026   
   0.00024   7.2e-05   0.00017   5.8e-06   3.7e-06  -0.00011   5.9e-05  -0.0018   -0.0011    0.018   
   0.00013   3e-05     0.0001    2.6e-06   1.4e-06  -5.5e-05   2.1e-05  -0.00086  -0.00046   0.0072  
   0.00015   2.8e-05   0.00012   3e-06     1.4e-06  -5.8e-05   2.2e-05  -0.00088  -0.00042   0.0063  
   0.00016   2.1e-05   0.00014   8.2e-06   1.9e-06  -3.8e-05  -0.00014   0.0023    0.00065   0.039   
   5.4e-05   1.9e-05   3.6e-05  -1.7e-06  -1.1e-06  -2.5e-05   2.4e-05   0.0005    0.00035   0.0069  
   0.00028   0.00016   0.00013  -2.1e-05  -2.4e-05  -0.00014   0.00028   0.0017    0.0019    0.023   
   0.00032   0.00024   0.0001   -2.8e-05  -4.5e-05  -0.00014   0.00037   0.0012    0.0018    0.015   
   0.00018   0.00015   4.7e-05  -1.6e-05  -3e-05    -7.5e-05   0.0002    0.0005    0.00094   0.0063  
   5.6       5.6       11        0         0         0         0         0         0         53      
   2.8e-05   2.8e-05   4.7e-06   0         0         0         0         0         0         0.0077  

ACTUATOR_LENGTH
   1.2e-23 
  -2.4e-25 
  -0.052   
   0.00012 
  -1.1e-05 
  -7.6e-06 
  -3.5e-06 
   0.00012 
  -4.3e-06 
  -1.4e-06 
  -2.6e-07 
   0.00012 
   1.9e-06 
   4.8e-06 
   2.9e-06 
   0.28    
  -3.6e-05 
  -0.0018  
  -0.0004  

ACTUATOR_MOMENT
   1         0         0         0         0         0         0         0         0         0         0         0         0         0         0         0         0         0         0         0         0         0         0         0         0       
   0         1         0         0         0         0         0         0         0         0         0         0         0         0         0         0         0         0         0         0         0         0         0         0         0       
   0         0         1         0         0         0         0         0         0         0         0         0         0         0         0         0         0         0         0         0         0         0         0         0         0       
   0         0         0         1         0         0         0         0         0         0         0         0         0         0         0         0         0         0         0         0         0         0         0         0         0       
   0         0         0         0         1         0         0         0         0         0         0         0         0         0         0         0         0         0         0         0         0         0         0         0         0       
   0         0         0         0         0         1         0         0         0         0         0         0         0         0         0         0         0         0         0         0         0         0         0         0         0       
   0         0         0         0         0         0         1         0         0         0         0         0         0         0         0         0         0         0         0         0         0         0         0         0         0       
   0         0         0         0         0         0         0         1         0         0         0         0         0         0         0         0         0         0         0         0         0         0         0         0         0       
   0         0         0         0         0         0         0         0         1         0         0         0         0         0         0         0         0         0         0         0         0         0         0         0         0       
   0         0         0         0         0         0         0         0         0         1         0         0         0         0         0         0         0         0         0         0         0         0         0         0         0       
   0         0         0         0         0         0         0         0         0         0         1         0         0         0         0         0         0         0         0         0         0         0         0         0         0       
   0         0         0         0         0         0         0         0         0         0         0         1         0         0         0         0         0         0         0         0         0         0         0         0         0       
   0         0         0         0         0         0         0         0         0         0         0         0         1         0         0         0         0         0         0         0         0         0         0         0         0       
   0         0         0         0         0         0         0         0         0         0         0         0         0         1         0         0         0         0         0         0         0         0         0         0         0       
   0         0         0         0         0         0         0         0         0         0         0         0         0         0         1         0         0         0         0         0         0         0         0         0         0       
   0         0         0         0         0         0         0         0         0         0         0         0         0         0         0         1         0         0         0         0         0         0         0         0         0       
   0         0         0         0         0         0         0         0         0         0         0         0         0         0         0         0         1         0         0         0         0         0         0         0         0       
   0         0         0         0         0         0         0         0         0         0         0         0         0         0         0         0         0         1         0         0         0         0         0         0         0       
   0         0         0         0         0         0         0         0         0         0         0         0         0         0         0         0         0         0         1         0         0         0         0         0         0       

CRB
   0         0         0         0         0         0         0         0         0         0       
   0.0034    0.0012    0.0024    3.7e-05  -0.00011  -0.00043   2.5e-18   2.6e-18  -4.3e-18   0.53    
   0.0034    0.0012    0.0024    3.7e-05  -0.00011  -0.00043   2.5e-18   2.6e-18  -4.3e-18   0.53    
   0.00057   0.00011   0.00047   1.6e-05  -8.2e-06   0.0002    0.00021  -0.0048    0.0025    0.065   
   0.00056   9.7e-05   0.00047   1.6e-05  -7.6e-06   0.00019   0.00019  -0.0047    0.0023    0.058   
   0.00046   5.9e-05   0.0004    1.1e-05  -4.3e-06   0.00015   0.0001   -0.0035    0.0013    0.032   
   0.00025   2.7e-05   0.00023   5.6e-06  -1.9e-06   7.6e-05   4.3e-05  -0.0017    0.00059   0.014   
   0.00013   1.3e-05   0.00012   3e-06    -9.8e-07   3.9e-05   2.2e-05  -0.00088   0.00028   0.0063  
   0.0005    1.4e-05   0.0005    1.6e-05   2.2e-06  -5.3e-05   0.00021  -0.005    -0.00069   0.065   
   0.0005    1.2e-05   0.00049   1.6e-05   2e-06    -5.2e-05   0.00019  -0.0049   -0.00061   0.058   
   0.00042   6.7e-06   0.00042   1.2e-05   1.1e-06  -3.8e-05   0.0001   -0.0036   -0.00034   0.032   
   0.00024   2.8e-06   0.00023   5.7e-06   4.6e-07  -1.9e-05   4.3e-05  -0.0018   -0.00014   0.014   
   0.00013   1.2e-06   0.00013   3.1e-06   2.3e-07  -9.5e-06   2.2e-05  -0.00089  -6.7e-05   0.0063  
   0.00071   0.00024   0.00047   1.6e-05   1.3e-05  -0.0003    0.00021  -0.0048   -0.0039    0.065   
   0.00068   0.00022   0.00047   1.6e-05   1.2e-05  -0.00029   0.00019  -0.0047   -0.0035    0.058   
   0.00053   0.00013   0.0004    1.1e-05   6.5e-06  -0.00022   0.0001   -0.0035   -0.002     0.032   
   0.00028   5.8e-05   0.00023   5.6e-06   2.8e-06  -0.00011   4.3e-05  -0.0017   -0.00088   0.014   
   0.00015   2.8e-05   0.00012   3e-06     1.4e-06  -5.8e-05   2.2e-05  -0.00088  -0.00042   0.0063  
   0.00099   0.00058   0.00046  -5.9e-05  -9.8e-05  -0.00042   0.00073   0.0062    0.0056    0.091   
   0.00083   0.00056   0.00032  -6.7e-05  -0.0001   -0.00038   0.00087   0.0039    0.005     0.052   
   0.00078   0.00054   0.00028  -6.5e-05  -9.9e-05  -0.00035   0.00085   0.0034    0.0046    0.045   
   0.0005    0.00038   0.00015  -4.4e-05  -7.5e-05  -0.00022   0.00057   0.0017    0.0028    0.021   
   0.00018   0.00015   4.7e-05  -1.6e-05  -3e-05    -7.5e-05   0.0002    0.0005    0.00094   0.0063  
   5.6       5.6       11        0         0         0         0         0         0         53      
   2.8e-05   2.8e-05   4.7e-06   0         0         0         0         0         0         0.0077  

QM
   0.53      0         0         3.9e-06   0.0036    0.0011    0.00021   3.9e-06   0.0036    0.0011    0.00021   3.9e-06   0.0036    0.0011    0.00021   0.0051   -1.3e-05   2.1e-06   2.7e-07   0         0         0         0         0         0       
   0         0.53      0        -1.1e-06  -7.2e-06  -7.2e-06  -3.7e-06   2.8e-21  -7.2e-06  -7.2e-06  -3.7e-06   1.1e-06  -7.2e-06  -7.2e-06  -3.7e-06  -0.00018   7e-07    -0.002    -0.00046   0         0         0         0         0         0       
   0         0         0.53     -1.3e-05   1.1e-06   7.7e-07   3.5e-07  -1.3e-05   4.4e-07   1.4e-07   2.6e-08  -1.3e-05  -1.9e-07  -4.9e-07  -3e-07    -0.0021    3.6e-06   0.00019   4.1e-05   0         0         0         0         0         0       
   3.9e-06  -1.1e-06  -1.3e-05   5.6e-06   1.7e-07   3.2e-08   1.9e-10   0         0         0         0         0         0         0         0         0         0         0         0         0         0         0         0         0         0       
   0.0036   -7.2e-06   1.1e-06   1.7e-07   0.0003    0.00012   2.5e-05   0         0         0         0         0         0         0         0         0         0         0         0         0         0         0         0         0         0       
   0.0011   -7.2e-06   7.7e-07   3.2e-08   0.00012   5.4e-05   1.3e-05   0         0         0         0         0         0         0         0         0         0         0         0         0         0         0         0         0         0       
   0.00021  -3.7e-06   3.5e-07   1.9e-10   2.5e-05   1.3e-05   5.3e-06   0         0         0         0         0         0         0         0         0         0         0         0         0         0         0         0         0         0       
   3.9e-06   2.8e-21  -1.3e-05   0         0         0         0         5.6e-06   1.7e-07   3.2e-08   1.9e-10   0         0         0         0         0         0         0         0         0         0         0         0         0         0       
   0.0036   -7.2e-06   4.4e-07   0         0         0         0         1.7e-07   0.0003    0.00012   2.5e-05   0         0         0         0         0         0         0         0         0         0         0         0         0         0       
   0.0011   -7.2e-06   1.4e-07   0         0         0         0         3.2e-08   0.00012   5.4e-05   1.3e-05   0         0         0         0         0         0         0         0         0         0         0         0         0         0       
   0.00021  -3.7e-06   2.6e-08   0         0         0         0         1.9e-10   2.5e-05   1.3e-05   5.3e-06   0         0         0         0         0         0         0         0         0         0         0         0         0         0       
   3.9e-06   1.1e-06  -1.3e-05   0         0         0         0         0         0         0         0         5.6e-06   1.7e-07   3.2e-08   1.9e-10   0         0         0         0         0         0         0         0         0         0       
   0.0036   -7.2e-06  -1.9e-07   0         0         0         0         0         0         0         0         1.7e-07   0.0003    0.00012   2.5e-05   0         0         0         0         0         0         0         0         0         0       
   0.0011   -7.2e-06  -4.9e-07   0         0         0         0         0         0         0         0         3.2e-08   0.00012   5.4e-05   1.3e-05   0         0         0         0         0         0         0         0         0         0       
   0.00021  -3.7e-06  -3e-07     0         0         0         0         0         0         0         0         1.9e-10   2.5e-05   1.3e-05   5.3e-06   0         0         0         0         0         0         0         0         0         0       
   0.0051   -0.00018  -0.0021    0         0         0         0         0         0         0         0         0         0         0         0         0.00056  -1.2e-06  -4.8e-08  -7.4e-09   0         0         0         0         0         0       
  -1.3e-05   7e-07     3.6e-06   0         0         0         0         0         0         0         0         0         0         0         0        -1.2e-06   4.6e-06  -7.2e-09   3.7e-09   0         0         0         0         0         0       
   2.1e-06  -0.002     0.00019   0         0         0         0         0         0         0         0         0         0         0         0        -4.8e-08  -7.2e-09   0.00014   4e-05     0         0         0         0         0         0       
   2.7e-07  -0.00046   4.1e-05   0         0         0         0         0         0         0         0         0         0         0         0        -7.4e-09   3.7e-09   4e-05     1.6e-05   0         0         0         0         0         0       
   0         0         0         0         0         0         0         0         0         0         0         0         0         0         0         0         0         0         0         0.0077    0         0         0         0         0       
   0         0         0         0         0         0         0         0         0         0         0         0         0         0         0         0         0         0         0         0         0.0077    0         0         0         0       
   0         0         0         0         0         0         0         0         0         0         0         0         0         0         0         0         0         0         0         0         0         0.0077    0         0         0       
   0         0         0         0         0         0         0         0         0         0         0         0         0         0         0         0         0         0         0         0         0         0         2.8e-05   0         0       
   0         0         0         0         0         0         0         0         0         0         0         0         0         0         0         0         0         0         0         0         0         0         0         2.8e-05   0       
   0         0         0         0         0         0         0         0         0         0         0         0         0         0         0         0         0         0         0         0         0         0         0         0         4.7e-06 

QLD
   0.34      0.0031    0.036     0.17      22        30        41        0.17      22        30        41        0.17      22        30        41        9.1      -2.8       0.036     0.017     0         0         0         0         0         0       
   0.0031    0.5       0.0047   -0.2       0.098     0.12     -0.71     -0.0022    0.098     0.12     -0.71      0.19      0.098     0.12     -0.71     -0.32      0.093    -23       -28        0         0         0         0         0         0       
   0.036     0.0047    0.52     -2.2      -0.0059   -0.0065    0.067    -2.3       0.0027    0.0037    0.005    -2.2       0.011     0.014    -0.057    -3.7       0.8       2.2       2.5       0         0         0         0         0         0       
   0.17     -0.2      -2.2       5.6e-06   0.002     0.0016    3.5e-05   0         0         0         0         0         0         0         0         0         0         0         0         0         0         0         0         0         0       
   22        0.098    -0.0059    0.002     4.5e-05   2.6       4.7       0         0         0         0         0         0         0         0         0         0         0         0         0         0         0         0         0         0       
   30        0.12     -0.0065    0.0016    2.6       2e-05     2.6       0         0         0         0         0         0         0         0         0         0         0         0         0         0         0         0         0         0       
   41       -0.71      0.067     3.5e-05   4.7       2.6       5.3e-06   0         0         0         0         0         0         0         0         0         0         0         0         0         0         0         0         0         0       
   0.17     -0.0022   -2.3       0         0         0         0         5.6e-06   0.002     0.0016    3.5e-05   0         0         0         0         0         0         0         0         0         0         0         0         0         0       
   22        0.098     0.0027    0         0         0         0         0.002     4.5e-05   2.6       4.7       0         0         0         0         0         0         0         0         0         0         0         0         0         0       
   30        0.12      0.0037    0         0         0         0         0.0016    2.6       2e-05     2.6       0         0         0         0         0         0         0         0         0         0         0         0         0         0       
   41       -0.71      0.005     0         0         0         0         3.5e-05   4.7       2.6       5.3e-06   0         0         0         0         0         0         0         0         0         0         0         0         0         0       
   0.17      0.19     -2.2       0         0         0         0         0         0         0         0         5.6e-06   0.002     0.0016    3.5e-05   0         0         0         0         0         0         0         0         0         0       
   22        0.098     0.011     0         0         0         0         0         0         0         0         0.002     4.5e-05   2.6       4.7       0         0         0         0         0         0         0         0         0         0       
   30        0.12      0.014     0         0         0         0         0         0         0         0         0.0016    2.6       2e-05     2.6       0         0         0         0         0         0         0         0         0         0       
   41       -0.71     -0.057     0         0         0         0         0         0         0         0         3.5e-05   4.7       2.6       5.3e-06   0         0         0         0         0         0         0         0         0         0       
   9.1      -0.32     -3.7       0         0         0         0         0         0         0         0         0         0         0         0         0.00056  -0.26     -0.00076  -0.00046   0         0         0         0         0         0       
  -2.8       0.093     0.8       0         0         0         0         0         0         0         0         0         0         0         0        -0.26      4.6e-06  -0.00042   0.00023   0         0         0         0         0         0       
   0.036    -23        2.2       0         0         0         0         0         0         0         0         0         0         0         0        -0.00076  -0.00042   3.9e-05   2.5       0         0         0         0         0         0       
   0.017    -28        2.5       0         0         0         0         0         0         0         0         0         0         0         0        -0.00046   0.00023   2.5       1.6e-05   0         0         0         0         0         0       
   0         0         0         0         0         0         0         0         0         0         0         0         0         0         0         0         0         0         0         0.0077    0         0         0         0         0       
   0         0         0         0         0         0         0         0         0         0         0         0         0         0         0         0         0         0         0         0         0.0077    0         0         0         0       
   0         0         0         0         0         0         0         0         0         0         0         0         0         0         0         0         0         0         0         0         0         0.0077    0         0         0       
   0         0         0         0         0         0         0         0         0         0         0         0         0         0         0         0         0         0         0         0         0         0         2.8e-05   0         0       
   0         0         0         0         0         0         0         0         0         0         0         0         0         0         0         0         0         0         0         0         0         0         0         2.8e-05   0       
   0         0         0         0         0         0         0         0         0         0         0         0         0         0         0         0         0         0         0         0         0         0         0         0         4.7e-06 

QLDIAGINV
   2.9     
   2       
   1.9     
   1.8e+05 
   2.2e+04 
   5e+04   
   1.9e+05 
   1.8e+05 
   2.2e+04 
   5e+04   
   1.9e+05 
   1.8e+05 
   2.2e+04 
   5e+04   
   1.9e+05 
   1.8e+03 
   2.2e+05 
   2.5e+04 
   6.2e+04 
   1.3e+02 
   1.3e+02 
   1.3e+02 
   3.6e+04 
   3.6e+04 
   2.1e+05 

QLDIAGSQRTINV
   1.7     
   1.4     
   1.4     
   4.2e+02 
   1.5e+02 
   2.2e+02 
   4.4e+02 
   4.2e+02 
   1.5e+02 
   2.2e+02 
   4.4e+02 
   4.2e+02 
   1.5e+02 
   2.2e+02 
   4.4e+02 
   42      
   4.7e+02 
   1.6e+02 
   2.5e+02 
   11      
   11      
   11      
   1.9e+02 
   1.9e+02 
   4.6e+02 

D_rownnz              19 19 19 7 7 7 7 7 7 7 7 7 7 7 7 7 7 7 7 6 6 6 6 6 6

D_rowadr              0 19 38 57 64 71 78 85 92 99 106 113 120 127 134 141 148 155 162 169 175 181 187 193 199

D_colind              0 1 2 3 4 5 6 7 8 9 10 11 12 13 14 15 16 17 18 0 1 2 3 4 5 6 7 8 9 10 11 12 13 14 15 16 17 18 0 1 2 3 4 5 6 7 8 9 10 11 12 13 14 15 16 17 18 0 1 2 3 4 5 6 0 1 2 3 4 5 6 0 1 2 3 4 5 6 0 1 2 3 4 5 6 0 1 2 7 8 9 10 0 1 2 7 8 9 10 0 1 2 7 8 9 10 0 1 2 7 8 9 10 0 1 2 11 12 13 14 0 1 2 11 12 13 14 0 1 2 11 12 13 14 0 1 2 11 12 13 14 0 1 2 15 16 17 18 0 1 2 15 16 17 18 0 1 2 15 16 17 18 0 1 2 15 16 17 18 19 20 21 22 23 24 19 20 21 22 23 24 19 20 21 22 23 24 19 20 21 22 23 24 19 20 21 22 23 24 19 20 21 22 23 24

B_rownnz              25 19 19 7 7 7 7 7 7 7 7 7 7 7 7 7 7 7 7 7 7 7 7 0 6

B_rowadr              0 25 44 63 70 77 84 91 98 105 112 119 126 133 140 147 154 161 168 175 182 189 196 203 203

B_colind              0 1 2 3 4 5 6 7 8 9 10 11 12 13 14 15 16 17 18 19 20 21 22 23 24 0 1 2 3 4 5 6 7 8 9 10 11 12 13 14 15 16 17 18 0 1 2 3 4 5 6 7 8 9 10 11 12 13 14 15 16 17 18 0 1 2 3 4 5 6 0 1 2 3 4 5 6 0 1 2 3 4 5 6 0 1 2 3 4 5 6 0 1 2 3 4 5 6 0 1 2 7 8 9 10 0 1 2 7 8 9 10 0 1 2 7 8 9 10 0 1 2 7 8 9 10 0 1 2 7 8 9 10 0 1 2 11 12 13 14 0 1 2 11 12 13 14 0 1 2 11 12 13 14 0 1 2 11 12 13 14 0 1 2 11 12 13 14 0 1 2 15 16 17 18 0 1 2 15 16 17 18 0 1 2 15 16 17 18 0 1 2 15 16 17 18 0 1 2 15 16 17 18 19 20 21 22 23 24

QDERIV
   0         0         0         0         0         0         0         0         0         0         0         0         0         0         0         0         0         0         0         0         0         0         0         0         0       
   0         0         0         0         0         0         0         0         0         0         0         0         0         0         0         0         0         0         0         0         0         0         0         0         0       
   0         0         0         0         0         0         0         0         0         0         0         0         0         0         0         0         0         0         0         0         0         0         0         0         0       
   0         0         0         0         0         0         0         0         0         0         0         0         0         0         0         0         0         0         0         0         0         0         0         0         0       
   0         0         0         0         0         0         0         0         0         0         0         0         0         0         0         0         0         0         0         0         0         0         0         0         0       
   0         0         0         0         0         0         0         0         0         0         0         0         0         0         0         0         0         0         0         0         0         0         0         0         0       
   0         0         0         0         0         0         0         0         0         0         0         0         0         0         0         0         0         0         0         0         0         0         0         0         0       
   0         0         0         0         0         0         0         0         0         0         0         0         0         0         0         0         0         0         0         0         0         0         0         0         0       
   0         0         0         0         0         0         0         0         0         0         0         0         0         0         0         0         0         0         0         0         0         0         0         0         0       
   0         0         0         0         0         0         0         0         0         0         0         0         0         0         0         0         0         0         0         0         0         0         0         0         0       
   0         0         0         0         0         0         0         0         0         0         0         0         0         0         0         0         0         0         0         0         0         0         0         0         0       
   0         0         0         0         0         0         0         0         0         0         0         0         0         0         0         0         0         0         0         0         0         0         0         0         0       
   0         0         0         0         0         0         0         0         0         0         0         0         0         0         0         0         0         0         0         0         0         0         0         0         0       
   0         0         0         0         0         0         0         0         0         0         0         0         0         0         0         0         0         0         0         0         0         0         0         0         0       
   0         0         0         0         0         0         0         0         0         0         0         0         0         0         0         0         0         0         0         0         0         0         0         0         0       
   0         0         0         0         0         0         0         0         0         0         0         0         0         0         0         0         0         0         0         0         0         0         0         0         0       
   0         0         0         0         0         0         0         0         0         0         0         0         0         0         0         0         0         0         0         0         0         0         0         0         0       
   0         0         0         0         0         0         0         0         0         0         0         0         0         0         0         0         0         0         0         0         0         0         0         0         0       
   0         0         0         0         0         0         0         0         0         0         0         0         0         0         0         0         0         0         0         0         0         0         0         0         0       
   0         0         0         0         0         0         0         0         0         0         0         0         0         0         0         0         0         0         0         0         0         0         0         0         0       
   0         0         0         0         0         0         0         0         0         0         0         0         0         0         0         0         0         0         0         0         0         0         0         0         0       
   0         0         0         0         0         0         0         0         0         0         0         0         0         0         0         0         0         0         0         0         0         0         0         0         0       
   0         0         0         0         0         0         0         0         0         0         0         0         0         0         0         0         0         0         0         0         0         0         0         0         0       
   0         0         0         0         0         0         0         0         0         0         0         0         0         0         0         0         0         0         0         0         0         0         0         0         0       
   0         0         0         0         0         0         0         0         0         0         0         0         0         0         0         0         0         0         0         0         0         0         0         0         0       

QLU
   0         0         0         0         0         0         0         0         0         0         0         0         0         0         0         0         0         0         0         0         0         0         0         0         0       
   0         0         0         0         0         0         0         0         0         0         0         0         0         0         0         0         0         0         0         0         0         0         0         0         0       
   0         0         0         0         0         0         0         0         0         0         0         0         0         0         0         0         0         0         0         0         0         0         0         0         0       
   0         0         0         0         0         0         0         0         0         0         0         0         0         0         0         0         0         0         0         0         0         0         0         0         0       
   0         0         0         0         0         0         0         0         0         0         0         0         0         0         0         0         0         0         0         0         0         0         0         0         0       
   0         0         0         0         0         0         0         0         0         0         0         0         0         0         0         0         0         0         0         0         0         0         0         0         0       
   0         0         0         0         0         0         0         0         0         0         0         0         0         0         0         0         0         0         0         0         0         0         0         0         0       
   0         0         0         0         0         0         0         0         0         0         0         0         0         0         0         0         0         0         0         0         0         0         0         0         0       
   0         0         0         0         0         0         0         0         0         0         0         0         0         0         0         0         0         0         0         0         0         0         0         0         0       
   0         0         0         0         0         0         0         0         0         0         0         0         0         0         0         0         0         0         0         0         0         0         0         0         0       
   0         0         0         0         0         0         0         0         0         0         0         0         0         0         0         0         0         0         0         0         0         0         0         0         0       
   0         0         0         0         0         0         0         0         0         0         0         0         0         0         0         0         0         0         0         0         0         0         0         0         0       
   0         0         0         0         0         0         0         0         0         0         0         0         0         0         0         0         0         0         0         0         0         0         0         0         0       
   0         0         0         0         0         0         0         0         0         0         0         0         0         0         0         0         0         0         0         0         0         0         0         0         0       
   0         0         0         0         0         0         0         0         0         0         0         0         0         0         0         0         0         0         0         0         0         0         0         0         0       
   0         0         0         0         0         0         0         0         0         0         0         0         0         0         0         0         0         0         0         0         0         0         0         0         0       
   0         0         0         0         0         0         0         0         0         0         0         0         0         0         0         0         0         0         0         0         0         0         0         0         0       
   0         0         0         0         0         0         0         0         0         0         0         0         0         0         0         0         0         0         0         0         0         0         0         0         0       
   0         0         0         0         0         0         0         0         0         0         0         0         0         0         0         0         0         0         0         0         0         0         0         0         0       
   0         0         0         0         0         0         0         0         0         0         0         0         0         0         0         0         0         0         0         0         0         0         0         0         0       
   0         0         0         0         0         0         0         0         0         0         0         0         0         0         0         0         0         0         0         0         0         0         0         0         0       
   0         0         0         0         0         0         0         0         0         0         0         0         0         0         0         0         0         0         0         0         0         0         0         0         0       
   0         0         0         0         0         0         0         0         0         0         0         0         0         0         0         0         0         0         0         0         0         0         0         0         0       
   0         0         0         0         0         0         0         0         0         0         0         0         0         0         0         0         0         0         0         0         0         0         0         0         0       
   0         0         0         0         0         0         0         0         0         0         0         0         0         0         0         0         0         0         0         0         0         0         0         0         0       

CONTACT
  0:
     dim           3
     geom          48 table_top
     exclude       0
     efc_address   0
     solref         0.02      1       
     solimp         0.9       0.95      0.001     0.5       2       
     dist          -0.00037 
     includemargin  0       
     pos            0         0        -0.02    
     frame          0         0        -1         0         1         0         1        -0         0       
     friction       1         1         0.1       0.1       0.1     
     mu             1       

EFC_TYPE
  7
  7
  7

EFC_ID
  0
  0
  0

EFC_J
   0         0         0         0         0         0         0         0         0         0         0         0         0         0         0         0         0         0         0         0         0         1         0         0         0       
   0         0         0         0         0         0         0         0         0         0         0         0         0         0         0         0         0         0         0         0        -1         0        -0.1       0         0       
   0         0         0         0         0         0         0         0         0         0         0         0         0         0         0         0         0         0         0        -1         0         0         0         0.1       0       

EFC_POS
  -0.00037 
   0       
   0       

EFC_MARGIN
   0       
   0       
   0       

EFC_FRICTIONLOSS
   0       
   0       
   0       

EFC_DIAGAPPROX
   1.3e+02 
   1.3e+02 
   1.3e+02 

EFC_KBIP
   2.8e+03   1.1e+02   0.91     -73      
   0         1.1e+02   0.91     -73      
   0         1.1e+02   0.91     -73      

EFC_D
   0.081   
   0.081   
   0.081   

EFC_R
   12      
   12      
   12      

ACTUATOR_VELOCITY
  -1.2e-23 
   2.4e-25 
  -1.7e-15 
  -6.6e-18 
   1.8e-19 
   1e-19   
   8.1e-20 
  -6.7e-18 
   7.2e-20 
   9.9e-21 
   3.7e-21 
  -6.6e-18 
   8.2e-21 
   1.4e-20 
  -4.9e-21 
  -1.4e-14 
   1.6e-18 
   5.3e-17 
   1.3e-17 

CVEL
   0         0         0         0         0         0       
   0         0         0        -1.2e-23   2.4e-25  -1.7e-15 
   0         0         0        -1.2e-23   2.4e-25  -1.7e-15 
   0         6.6e-18  -5.8e-19  -2.1e-19   2e-21    -1.7e-15 
  -2.3e-23   6.6e-18  -3.9e-19  -2.2e-19   1.4e-21  -1.7e-15 
  -3.5e-23   6.6e-18  -2.9e-19  -2.3e-19   1e-21    -1.7e-15 
  -4.5e-23   6.6e-18  -2.1e-19  -2.4e-19   7.3e-22  -1.7e-15 
  -4.5e-23   6.6e-18  -2.1e-19  -2.4e-19   7.3e-22  -1.7e-15 
   0         6.7e-18   1.5e-33   7.1e-20   2.4e-25  -1.7e-15 
  -9e-24     6.7e-18   7.2e-20   7e-20    -2.5e-22  -1.7e-15 
  -1e-23     6.7e-18   8.2e-20   6.9e-20  -2.8e-22  -1.7e-15 
  -1.1e-23   6.7e-18   8.6e-20   6.9e-20  -3e-22    -1.7e-15 
  -1.1e-23   6.7e-18   8.6e-20   6.9e-20  -3e-22    -1.7e-15 
   0         6.5e-18   5.7e-19   3.5e-19  -2e-21    -1.7e-15 
  -1e-24     6.5e-18   5.8e-19   3.5e-19  -2e-21    -1.7e-15 
  -2.8e-24   6.5e-18   6e-19     3.5e-19  -2.1e-21  -1.7e-15 
  -2.2e-24   6.5e-18   5.9e-19   3.5e-19  -2e-21    -1.7e-15 
  -2.2e-24   6.5e-18   5.9e-19   3.5e-19  -2e-21    -1.7e-15 
  -3e-30    -1.4e-14   1.2e-15   1.7e-16   1.7e-17  -1.5e-15 
   4.5e-19  -1.4e-14   1.2e-15   1.7e-16   1.7e-17  -1.5e-15 
   5.1e-17  -1.4e-14   1.2e-15   1.7e-16   2.1e-17  -1.5e-15 
   6.3e-17  -1.4e-14   1.2e-15   1.6e-16   2.2e-17  -1.5e-15 
   6.3e-17  -1.4e-14   1.2e-15   1.6e-16   2.2e-17  -1.5e-15 
   0         0         0         0         0         0       
   0         0         0         0         0         7.7e-17 

CDOF_DOT
   0         0         0         0         0         0       
   0         0         0         0         0         0       
   0         0         0         0         0         0       
   0         0        -0        -1.7e-15   1.1e-24   1.2e-23 
   6.6e-18   7.1e-23   8.2e-22   1.5e-16   4.4e-19   1.4e-19 
   6.6e-18   7.1e-23   8.2e-22   1.5e-16   4.6e-19   4.9e-19 
   6.6e-18   7.1e-23   8.2e-22   1.5e-16   4.7e-19   7.5e-19 
   0         0        -0        -1.7e-15  -2.7e-39   1.2e-23 
   6.7e-18  -1.9e-37   8.4e-22  -1.9e-23   1.4e-19   1.6e-19 
   6.7e-18  -1.9e-37   8.4e-22  -6.4e-23   1.4e-19   5.2e-19 
   6.7e-18  -1.8e-37   8.4e-22  -9.6e-23   1.3e-19   7.8e-19 
   0         0        -0        -1.7e-15  -1.1e-24   1.2e-23 
   6.6e-18  -7.1e-23   8.1e-22  -1.5e-16  -1.5e-19   1.4e-19 
   6.6e-18  -7.1e-23   8.1e-22  -1.5e-16  -1.8e-19   4.9e-19 
   6.6e-18  -7.1e-23   8.1e-22  -1.5e-16  -2.1e-19   7.4e-19 
  -0         0         0         1.7e-15  -1.1e-24  -1.2e-23 
  -1.3e-14   3.3e-16   3.8e-15   4e-16    -5.1e-16   8.7e-16 
   3.8e-15   1.1e-15   1.3e-14   8.2e-16  -1.4e-15  -2.7e-16 
   3.8e-15   1.1e-15   1.3e-14   8.2e-16  -1.4e-15  -2.7e-16 
   0         0         0         0         0         0       
   0         0         0         0         0         0       
   0         0         0         0         0         0       
   0         0         0         0         7.7e-17   0       
   0         0         0        -7.7e-17   0         0       
   0         0         0         0         0         0       

QFRC_BIAS
  -3.8e-31 
  -8.1e-32 
   5.2     
  -0.00012 
   1.1e-05 
   7.6e-06 
   3.5e-06 
  -0.00012 
   4.3e-06 
   1.4e-06 
   2.6e-07 
  -0.00012 
  -1.9e-06 
  -4.8e-06 
  -2.9e-06 
  -0.02    
   3.6e-05 
   0.0018  
   0.0004  
   0       
   0       
   0.076   
   0       
   0       
   0       

QFRC_PASSIVE
   1.2e-21 
  -2.4e-23 
   1.7e-13 
   6.6e-19 
  -1.8e-20 
  -1e-20   
  -8.1e-21 
   6.7e-19 
  -7.2e-21 
  -9.9e-22 
  -3.7e-22 
   6.6e-19 
  -8.2e-22 
  -1.4e-21 
   4.9e-22 
   1.4e-15 
  -1.6e-19 
  -5.3e-18 
  -1.3e-18 
   0       
   0       
   0       
   0       
   0       
   0       

EFC_VEL
   7.7e-17 
   0       
   0       

EFC_AREF
   0.93    
  -0       
  -0       

SUBTREE_LINVEL
   0         0         0       
   0         0         0       
   0         0         0       
   0         0         0       
   0         0         0       
   0         0         0       
   0         0         0       
   0         0         0       
   0         0         0       
   0         0         0       
   0         0         0       
   0         0         0       
   0         0         0       
   0         0         0       
   0         0         0       
   0         0         0       
   0         0         0       
   0         0         0       
   0         0         0       
   0         0         0       
   0         0         0       
   0         0         0       
   0         0         0       
   0         0         0       
   0         0         0       

SUBTREE_ANGMOM
   0         0         0       
   0         0         0       
   0         0         0       
   0         0         0       
   0         0         0       
   0         0         0       
   0         0         0       
   0         0         0       
   0         0         0       
   0         0         0       
   0         0         0       
   0         0         0       
   0         0         0       
   0         0         0       
   0         0         0       
   0         0         0       
   0         0         0       
   0         0         0       
   0         0         0       
   0         0         0       
   0         0         0       
   0         0         0       
   0         0         0       
   0         0         0       
   0         0         0       

ACTUATOR_FORCE
  -1.2e-21 
   2.4e-23 
   5.2     
  -0.00012 
   1.1e-05 
   7.6e-06 
   3.5e-06 
  -0.00012 
   4.3e-06 
   1.4e-06 
   2.6e-07 
  -0.00012 
  -1.9e-06 
  -4.8e-06 
  -2.9e-06 
  -0.02    
   3.6e-05 
   0.0018  
   0.0004  

QFRC_ACTUATOR
  -1.2e-21 
   2.4e-23 
   5.2     
  -0.00012 
   1.1e-05 
   7.6e-06 
   3.5e-06 
  -0.00012 
   4.3e-06 
   1.4e-06 
   2.6e-07 
  -0.00012 
  -1.9e-06 
  -4.8e-06 
  -2.9e-06 
  -0.02    
   3.6e-05 
   0.0018  
   0.0004  
   0       
   0       
   0       
   0       
   0       
   0       

QFRC_SMOOTH
   7.6e-24 
  -1.6e-25 
   0       
   0       
   0       
   0       
   0       
   0       
   0       
   0       
   0       
   0       
   0       
   0       
   0       
   0       
   0       
   0       
   0       
   0       
   0       
  -0.076   
   0       
   0       
   0       

QACC_SMOOTH
   2.2e-23 
  -3.8e-25 
  -8e-25   
  -5.6e-24 
  -4.9e-22 
   6.1e-22 
  -1.5e-22 
  -5.6e-24 
  -4.9e-22 
   6.1e-22 
  -1.5e-22 
  -5.5e-24 
  -4.9e-22 
   6.1e-22 
  -1.5e-22 
  -2.1e-22 
   9.5e-24 
  -8.2e-24 
   1.1e-23 
   0       
   0       
  -9.8     
   0       
   0       
   0       

EFC_B
  -11      
   0       
   0       

EFC_FORCE
   0.076   
  -0       
  -0       

EFC_STATE
  1
  1
  1

QFRC_CONSTRAINT
   0       
   0       
   0       
   0       
   0       
   0       
   0       
   0       
   0       
   0       
   0       
   0       
   0       
   0       
   0       
   0       
   0       
   0       
   0       
   0       
   0       
   0.076   
   0       
   0       
   0       

QFRC_INVERSE
   0       
   0       
   0       
   0       
   0       
   0       
   0       
   0       
   0       
   0       
   0       
   0       
   0       
   0       
   0       
   0       
   0       
   0       
   0       
   0       
   0       
   0       
   0       
   0       
   0       

CACC
   0         0         0         0         0         0       
   0         0         0         0         0         0       
   0         0         0         0         0         0       
   0         0         0         0         0         0       
   0         0         0         0         0         0       
   0         0         0         0         0         0       
   0         0         0         0         0         0       
   0         0         0         0         0         0       
   0         0         0         0         0         0       
   0         0         0         0         0         0       
   0         0         0         0         0         0       
   0         0         0         0         0         0       
   0         0         0         0         0         0       
   0         0         0         0         0         0       
   0         0         0         0         0         0       
   0         0         0         0         0         0       
   0         0         0         0         0         0       
   0         0         0         0         0         0       
   0         0         0         0         0         0       
   0         0         0         0         0         0       
   0         0         0         0         0         0       
   0         0         0         0         0         0       
   0         0         0         0         0         0       
   0         0         0         0         0         0       
   0         0         0         0         0         0       

CFRC_INT
   0         0         0         0         0         0       
   0         0         0         0         0         0       
   0         0         0         0         0         0       
   0         0         0         0         0         0       
   0         0         0         0         0         0       
   0         0         0         0         0         0       
   0         0         0         0         0         0       
   0         0         0         0         0         0       
   0         0         0         0         0         0       
   0         0         0         0         0         0       
   0         0         0         0         0         0       
   0         0         0         0         0         0       
   0         0         0         0         0         0       
   0         0         0         0         0         0       
   0         0         0         0         0         0       
   0         0         0         0         0         0       
   0         0         0         0         0         0       
   0         0         0         0         0         0       
   0         0         0         0         0         0       
   0         0         0         0         0         0       
   0         0         0         0         0         0       
   0         0         0         0         0         0       
   0         0         0         0         0         0       
   0         0         0         0         0         0       
   0         0         0         0         0         0       

CFRC_EXT
   0         0         0         0         0         0       
   0         0         0         0         0         0       
   0         0         0         0         0         0       
   0         0         0         0         0         0       
   0         0         0         0         0         0       
   0         0         0         0         0         0       
   0         0         0         0         0         0       
   0         0         0         0         0         0       
   0         0         0         0         0         0       
   0         0         0         0         0         0       
   0         0         0         0         0         0       
   0         0         0         0         0         0       
   0         0         0         0         0         0       
   0         0         0         0         0         0       
   0         0         0         0         0         0       
   0         0         0         0         0         0       
   0         0         0         0         0         0       
   0         0         0         0         0         0       
   0         0         0         0         0         0       
   0         0         0         0         0         0       
   0         0         0         0         0         0       
   0         0         0         0         0         0       
   0         0         0         0         0         0       
   0         0         0         0         0         0       
   0         0         0         0         0         0       

